$ANSIBLE_VAULT;1.2;AES256;talos_cluster
64636436303864636166363938353062633832396531656336373963396361616464646638363361
6534316163353030616632306166353466393335666164630a373531353232303661356364613731
39366636346536383163313531643563333161333331353336363965663362633435313363303631
3064343531323861610a623562313832343264626366633331376337616163376634346163623637
62366262666366613861383234313431396535376234636564303434643364656133333838666137
30326333646562333331613836343332386264336137303636376133363432363364653838643633
33333062353030313363333337376463323864366139316166323536396332653535366563353233
32303534383162653431616537643566373563386532613833356664663064373333333864363730
35643163623339363063623630373565633862363966323363376562363934613232376632663665
34616161316230646539333035363463653838643462383065306532303333346634363639333830
31386634643638623032333937326562663538323336653834623165656432363838323330623732
33616233316337363633643565613738313862363435383337653036363366666265633965613361
39613139396164326265373665383162316431323861656130626266306238343234376366663866
63393165613435666666376135323064343663333963336333363835336563366130646531363463
32646662366338373664666331313939343536383163613064373230306465333662316533653535
38613439363464663234613131666164396564346334343639653666623063323165393961303839
64616532336536633037353039393839356464383438663830386462333866366533636633353065
34623161303139663865316136336333353138626362626162663236653333626565396162326637
66613863656135623137363564343931363564613737303466323833393564633339366134373862
65653833336331356533636636383438353937653862626533663438336666633234313537343737
38653138333633653064303065663038613932663039373330313765663361316534653835303233
63376532316364393766336164626439653236623564626135623134373533333066383264306232
66643633306136646261313037323637623031363436313264323233646434333534383238343561
32313665663633646361306530343466323833636535633965653634363661646130643461613033
38303032636461653335643463313431663365333563353836643662626137306263616331323830
34383535353133363162643539653461363764386132646534633936323634636163303461386463
33613534303437376130303163343164653434656331316463626430323863623234363534343739
37643862353539633861
